98714423
62562318
603856584
58964753
39338044
338435724
1467577448
38154550
356409597
132155610
14759253
89459735
1441812884
305559929
18813157
14184662
35035627
836865194
1373152200
78269677
127488702
14664218
18257191
1022912826
14627086
299932017
302840829
120064654
1373880703
227756192
1397889644
279219822
45282354
375452883
3734931
617602362
1369578146
173189709
152963900
11999302
69197099
55599020
52833659
1335021990
592243572
39062967
103617693
301225379
819688158
364557059
121213399
57442248
27188836
49677920
1134349284
24297543
943656288
127920630
151798301
292737115
394632034
129932312
42165115
1099476080
98181234
15856984
14375294
21087123
460884522
28078410
392025030
129545279
847996322
252200568
18756131
273432352
11841572
837863988
1138371924
1137931746
385101170
1137816504
902620460
1135802857
423800586
317593910
54804891
557937722
20979564
58478114
16340597
836835031
161990709
8435082
381725299
83691992
51440222
14812775
410106683
1056088154
80305264
770358163
1042672064
50706020
37987830
12079642
72517008
22150654
7330982
54775323
23892552
370572083
17536815
484220254
109755107
360315066
31626983
496984519
312662290
80934956
895164420
14166962
521036664
5724882
10127692
16794441
22976873
54231462
14862282
88428983
127869244
70720837
457683050
430206488
20752754
14172068
229774711
11667942
1119501
32571336
5908252
297974311
44553235
977761
913423476
54163
152414092
39755262
887512868
39296973
24205451
303472336
23032305
15072916
50263686
43603
858389983
16896046
14500050
365949960
18055284
95654700
369060209
150354559
17506138
58021969
823725258
93002396
774160104
76712307
7020652
326814771
3649181
21158916
15688249
61173077
139956094
24618459
757297766
22193049
595587327
14517124
17754038
565687332
281191857
611485586
439075192
154546536
514574988
14230081
5458812
10165302
38717115
22730282
451733151
16565945
116525515
40907762
470699108
22509794
780938
20445001
18319665
123375781
190075910
527953648
183602743
414860659
14206618
14465856
156101818
459499017
113060208
15488449
10949802
70445120
535820571
204824261
27101983
94830953
20411744
312396273
3939351
117563800
15274071
19479200
23771696
24584402
216380178
172158514
277109244
466789852
210900398
71310032
14726616
424411586
489482658
14943648
418840974
13362342
274611158
135386437
482316873
18722145
180291093
13625432
191712488
211674882
94357107
23664043
180816819
209190684
109303031
351058517
1074661
52024741
6884122
53659570
26534822
5727802
45863493
172861673
28567997
72526830
395288311
135456649
56139125
20821574
9887872
244270284
19390634
19867021
390187536
15015056
14088694
18720381
19501064
30027532
9071872
14474729
91164223
60847582
309103
14401983
670243
47507546
34270918
236136686
369585598
17604467
289838734
78796298
83982486
313122677
355421898
271222033
16815487
347300639
352010117
100603066
30618049
84847665
17662568
85065612
21005884
324526474
18360266
104867325
15451919
16097595
23121464
104121376
56413866
304499252
152773076
16113190
19607494
260203645
16657537
23068260
129016133
9251292
19608261
5502392
19872663
42363123
24752488
16210745
170753185
9099702
18167590
50013926
26910015
9410042
783078
80320661
260815098
28881634
105900018
755258
14040992
197801921
14538762
25555799
226639867
112987091
17914107
71156816
68010797
17902122
222198313
27602245
219412036
213108002
15702642
6982982
25669001
208626018
15520326
28116928
24222031
780225
49923
189057495
152682018
18822821
135511819
15205886
2152861
14991028
8980232
14747497
17392795
188655062
20108995
99014288
182088153
15251388
42432542
1661651
15009049
65831025
14184879
6898452
852141
749
15456578
14436818
116465264
14632982
46270786
21506502
116455382
150503129
43117323
14569541
7934602
19077601
137116566
45961232
19033910
103637654
797183
10634232
6805812
87225131
20694060
140904391
21422565
124472165
10923862
17136814
8739
49410665
19308369
126928429
14631815
3841281
14479038
45399704
17276691
68534777
14569467
116341782
12224322
36646572
16577398
36799742
14648316
43370659
17650779
104708327
101227241
11872
69556525
19450230
92512130
6210662
17117978
3456501
21088242
23582512
85501776
20641633
84460702
18634828
26049697
12614742
75713639
20327924
14662724
66458881
14784397
15291059
75899742
2453021
14990646
26266318
14682101
75050836
15617511
69923940
22685998
80703
16966350
17980180
16397446
10322862
14592172
11954512
68060807
18997048
45871162
68153
18639632
17056114
14115369
16446086
14304775
7057932
63398807
44393718
586803
29275140
38036148
58626764
24206224
57516351
18905581
15433622
45735317
12031512
7759542
35008773
9892932
12323842
39017259
42547021
43891943
11379342
40813433
23141171
1975851
15420878
13020032
773709
17837980
38686230
37658839
36545682
36404800
19731100
33612592
8531222
29243477
14391854
15670200
18519434
15537303
7002942
17866700
19463693
16708075
18450025
11141672
